1.930800000000000072e+00 1.820000000000000000e+02
1.925791439688716133e+00 1.880000000000000000e+02
1.920782879377431973e+00 1.660000000000000000e+02
1.915774319066148035e+00 1.620000000000000000e+02
1.910765758754863874e+00 1.840000000000000000e+02
1.905757198443579936e+00 1.700000000000000000e+02
1.900748638132295776e+00 1.600000000000000000e+02
1.895740077821011838e+00 1.530000000000000000e+02
1.890731517509727677e+00 1.550000000000000000e+02
1.885722957198443739e+00 1.550000000000000000e+02
1.880714396887159578e+00 1.780000000000000000e+02
1.875705836575875640e+00 1.420000000000000000e+02
1.870697276264591480e+00 1.590000000000000000e+02
1.865688715953307542e+00 1.810000000000000000e+02
1.860680155642023381e+00 1.570000000000000000e+02
1.855671595330739443e+00 1.640000000000000000e+02
1.850663035019455283e+00 1.350000000000000000e+02
1.845654474708171344e+00 1.570000000000000000e+02
1.840645914396887184e+00 1.780000000000000000e+02
1.835637354085603246e+00 1.420000000000000000e+02
1.830628793774319085e+00 1.600000000000000000e+02
1.825620233463035147e+00 1.900000000000000000e+02
1.820611673151750987e+00 1.630000000000000000e+02
1.815603112840467048e+00 1.770000000000000000e+02
1.810594552529182888e+00 1.870000000000000000e+02
1.805585992217898950e+00 1.760000000000000000e+02
1.800577431906614789e+00 1.790000000000000000e+02
1.795568871595330851e+00 1.790000000000000000e+02
1.790560311284046691e+00 1.770000000000000000e+02
1.785551750972762752e+00 1.860000000000000000e+02
1.780543190661478592e+00 1.620000000000000000e+02
1.775534630350194654e+00 1.610000000000000000e+02
1.770526070038910493e+00 1.480000000000000000e+02
1.765517509727626555e+00 1.810000000000000000e+02
1.760508949416342395e+00 1.770000000000000000e+02
1.755500389105058456e+00 1.810000000000000000e+02
1.750491828793774296e+00 1.880000000000000000e+02
1.745483268482490358e+00 1.550000000000000000e+02
1.740474708171206419e+00 1.500000000000000000e+02
1.735466147859922259e+00 1.900000000000000000e+02
1.730457587548638099e+00 1.650000000000000000e+02
1.725449027237354160e+00 1.830000000000000000e+02
1.720440466926070222e+00 1.500000000000000000e+02
1.715431906614786062e+00 1.810000000000000000e+02
1.710423346303501901e+00 1.680000000000000000e+02
1.705414785992217963e+00 1.580000000000000000e+02
1.700406225680934025e+00 1.760000000000000000e+02
1.695397665369649864e+00 1.530000000000000000e+02
1.690389105058365704e+00 1.480000000000000000e+02
1.685380544747081766e+00 1.690000000000000000e+02
1.680371984435797827e+00 1.710000000000000000e+02
1.675363424124513667e+00 1.500000000000000000e+02
1.670354863813229507e+00 1.640000000000000000e+02
1.665346303501945568e+00 1.470000000000000000e+02
1.660337743190661630e+00 1.590000000000000000e+02
1.655329182879377470e+00 1.870000000000000000e+02
1.650320622568093532e+00 1.600000000000000000e+02
1.645312062256809371e+00 1.510000000000000000e+02
1.640303501945525433e+00 1.680000000000000000e+02
1.635294941634241273e+00 1.750000000000000000e+02
1.630286381322957334e+00 1.580000000000000000e+02
1.625277821011673174e+00 1.590000000000000000e+02
1.620269260700389236e+00 1.750000000000000000e+02
1.615260700389105075e+00 1.690000000000000000e+02
1.610252140077821137e+00 1.710000000000000000e+02
1.605243579766536977e+00 1.750000000000000000e+02
1.600235019455253038e+00 1.650000000000000000e+02
1.595226459143968878e+00 1.370000000000000000e+02
1.590217898832684940e+00 1.700000000000000000e+02
1.585209338521400779e+00 1.760000000000000000e+02
1.580200778210116841e+00 1.470000000000000000e+02
1.575192217898832681e+00 1.360000000000000000e+02
1.570183657587548742e+00 1.770000000000000000e+02
1.565175097276264582e+00 1.760000000000000000e+02
1.560166536964980644e+00 1.640000000000000000e+02
1.555157976653696483e+00 1.470000000000000000e+02
1.550149416342412545e+00 1.600000000000000000e+02
1.545140856031128607e+00 1.390000000000000000e+02
1.540132295719844446e+00 1.740000000000000000e+02
1.535123735408560286e+00 1.900000000000000000e+02
1.530115175097276348e+00 1.690000000000000000e+02
1.525106614785992409e+00 1.820000000000000000e+02
1.520098054474708249e+00 1.610000000000000000e+02
1.515089494163424089e+00 1.530000000000000000e+02
1.510080933852140150e+00 1.660000000000000000e+02
1.505072373540856212e+00 1.680000000000000000e+02
1.500063813229572052e+00 1.540000000000000000e+02
1.495055252918287891e+00 1.890000000000000000e+02
1.490046692607003953e+00 1.520000000000000000e+02
1.485038132295720015e+00 1.580000000000000000e+02
1.480029571984435854e+00 1.530000000000000000e+02
1.475021011673151694e+00 1.460000000000000000e+02
1.470012451361867756e+00 1.680000000000000000e+02
1.465003891050583817e+00 1.790000000000000000e+02
1.459995330739299657e+00 1.680000000000000000e+02
1.454986770428015497e+00 1.530000000000000000e+02
1.449978210116731558e+00 1.980000000000000000e+02
1.444969649805447620e+00 1.460000000000000000e+02
1.439961089494163460e+00 1.510000000000000000e+02
1.434952529182879521e+00 1.810000000000000000e+02
1.429943968871595361e+00 1.350000000000000000e+02
1.424935408560311423e+00 1.650000000000000000e+02
1.419926848249027262e+00 1.400000000000000000e+02
1.414918287937743102e+00 1.630000000000000000e+02
1.409909727626459164e+00 1.670000000000000000e+02
1.404901167315175226e+00 1.760000000000000000e+02
1.399892607003891065e+00 1.670000000000000000e+02
1.394884046692607127e+00 1.780000000000000000e+02
1.389875486381323189e+00 1.760000000000000000e+02
1.384866926070039028e+00 1.730000000000000000e+02
1.379858365758754868e+00 1.680000000000000000e+02
1.374849805447470930e+00 1.590000000000000000e+02
1.369841245136186991e+00 1.640000000000000000e+02
1.364832684824902831e+00 1.700000000000000000e+02
1.359824124513618671e+00 1.710000000000000000e+02
1.354815564202334732e+00 1.690000000000000000e+02
1.349807003891050794e+00 1.650000000000000000e+02
1.344798443579766634e+00 1.450000000000000000e+02
1.339789883268482473e+00 1.720000000000000000e+02
1.334781322957198535e+00 1.660000000000000000e+02
1.329772762645914597e+00 1.800000000000000000e+02
1.324764202334630436e+00 1.700000000000000000e+02
1.319755642023346276e+00 1.650000000000000000e+02
1.314747081712062338e+00 1.570000000000000000e+02
1.309738521400778399e+00 1.270000000000000000e+02
1.304729961089494239e+00 1.700000000000000000e+02
1.299721400778210079e+00 1.810000000000000000e+02
1.294712840466926140e+00 1.410000000000000000e+02
1.289704280155642202e+00 1.480000000000000000e+02
1.284695719844358042e+00 1.600000000000000000e+02
1.279687159533073881e+00 1.570000000000000000e+02
1.274678599221789943e+00 1.740000000000000000e+02
1.269670038910506005e+00 1.530000000000000000e+02
1.264661478599221844e+00 1.540000000000000000e+02
1.259652918287937684e+00 1.780000000000000000e+02
1.254644357976653746e+00 1.710000000000000000e+02
1.249635797665369807e+00 1.630000000000000000e+02
1.244627237354085647e+00 1.220000000000000000e+02
1.239618677042801487e+00 1.960000000000000000e+02
1.234610116731517548e+00 1.530000000000000000e+02
1.229601556420233610e+00 1.660000000000000000e+02
1.224592996108949450e+00 1.490000000000000000e+02
1.219584435797665289e+00 1.740000000000000000e+02
1.214575875486381351e+00 1.800000000000000000e+02
1.209567315175097413e+00 1.690000000000000000e+02
1.204558754863813252e+00 1.580000000000000000e+02
1.199550194552529092e+00 1.600000000000000000e+02
1.194541634241245154e+00 1.620000000000000000e+02
1.189533073929961215e+00 1.540000000000000000e+02
1.184524513618677055e+00 1.440000000000000000e+02
1.179515953307393117e+00 1.730000000000000000e+02
1.174507392996109179e+00 1.670000000000000000e+02
1.169498832684825018e+00 1.860000000000000000e+02
1.164490272373540858e+00 1.530000000000000000e+02
1.159481712062256920e+00 1.590000000000000000e+02
1.154473151750972981e+00 1.850000000000000000e+02
1.149464591439688821e+00 1.480000000000000000e+02
1.144456031128404661e+00 1.610000000000000000e+02
1.139447470817120722e+00 1.930000000000000000e+02
1.134438910505836784e+00 1.600000000000000000e+02
1.129430350194552624e+00 1.610000000000000000e+02
1.124421789883268463e+00 1.600000000000000000e+02
1.119413229571984525e+00 1.750000000000000000e+02
1.114404669260700587e+00 1.520000000000000000e+02
1.109396108949416426e+00 1.570000000000000000e+02
1.104387548638132266e+00 1.760000000000000000e+02
1.099378988326848328e+00 1.700000000000000000e+02
1.094370428015564389e+00 1.830000000000000000e+02
1.089361867704280229e+00 1.750000000000000000e+02
1.084353307392996069e+00 1.760000000000000000e+02
1.079344747081712130e+00 1.710000000000000000e+02
1.074336186770428192e+00 1.750000000000000000e+02
1.069327626459144032e+00 1.650000000000000000e+02
1.064319066147859871e+00 1.640000000000000000e+02
1.059310505836575933e+00 1.860000000000000000e+02
1.054301945525291995e+00 1.700000000000000000e+02
1.049293385214007834e+00 1.470000000000000000e+02
1.044284824902723674e+00 1.640000000000000000e+02
1.039276264591439736e+00 1.870000000000000000e+02
1.034267704280155797e+00 1.660000000000000000e+02
1.029259143968871637e+00 1.540000000000000000e+02
1.024250583657587477e+00 1.710000000000000000e+02
1.019242023346303538e+00 1.630000000000000000e+02
1.014233463035019600e+00 1.500000000000000000e+02
1.009224902723735440e+00 1.660000000000000000e+02
1.004216342412451279e+00 1.830000000000000000e+02
9.992077821011673411e-01 1.650000000000000000e+02
9.941992217898832918e-01 1.660000000000000000e+02
9.891906614785992424e-01 1.670000000000000000e+02
9.841821011673151931e-01 1.670000000000000000e+02
9.791735408560311438e-01 1.860000000000000000e+02
9.741649805447470944e-01 1.490000000000000000e+02
9.691564202334630451e-01 1.810000000000000000e+02
9.641478599221791068e-01 1.650000000000000000e+02
9.591392996108950575e-01 1.850000000000000000e+02
9.541307392996110082e-01 1.480000000000000000e+02
9.491221789883269588e-01 1.660000000000000000e+02
9.441136186770429095e-01 1.550000000000000000e+02
9.391050583657588602e-01 1.750000000000000000e+02
9.340964980544748109e-01 1.470000000000000000e+02
9.290879377431906505e-01 1.680000000000000000e+02
9.240793774319067122e-01 1.670000000000000000e+02
9.190708171206225519e-01 1.540000000000000000e+02
9.140622568093386136e-01 1.520000000000000000e+02
9.090536964980544532e-01 1.870000000000000000e+02
9.040451361867705149e-01 1.620000000000000000e+02
8.990365758754863545e-01 1.340000000000000000e+02
8.940280155642024162e-01 1.450000000000000000e+02
8.890194552529182559e-01 1.450000000000000000e+02
8.840108949416343176e-01 1.490000000000000000e+02
8.790023346303501572e-01 1.510000000000000000e+02
8.739937743190662189e-01 1.590000000000000000e+02
8.689852140077820586e-01 1.530000000000000000e+02
8.639766536964981203e-01 1.810000000000000000e+02
8.589680933852141820e-01 1.750000000000000000e+02
8.539595330739300216e-01 1.760000000000000000e+02
8.489509727626460833e-01 1.620000000000000000e+02
8.439424124513619230e-01 1.770000000000000000e+02
8.389338521400779847e-01 1.650000000000000000e+02
8.339252918287938243e-01 1.630000000000000000e+02
8.289167315175098860e-01 1.820000000000000000e+02
8.239081712062257257e-01 1.790000000000000000e+02
8.188996108949417874e-01 1.550000000000000000e+02
8.138910505836576270e-01 1.780000000000000000e+02
8.088824902723736887e-01 1.710000000000000000e+02
8.038739299610895284e-01 1.600000000000000000e+02
7.988653696498055901e-01 1.740000000000000000e+02
7.938568093385214297e-01 1.710000000000000000e+02
7.888482490272374914e-01 1.580000000000000000e+02
7.838396887159533311e-01 1.640000000000000000e+02
7.788311284046693928e-01 1.610000000000000000e+02
7.738225680933852324e-01 1.560000000000000000e+02
7.688140077821012941e-01 1.610000000000000000e+02
7.638054474708171337e-01 1.590000000000000000e+02
7.587968871595331954e-01 1.530000000000000000e+02
7.537883268482490351e-01 1.610000000000000000e+02
7.487797665369650968e-01 1.670000000000000000e+02
7.437712062256809364e-01 1.860000000000000000e+02
7.387626459143969981e-01 1.740000000000000000e+02
7.337540856031128378e-01 1.650000000000000000e+02
7.287455252918288995e-01 1.550000000000000000e+02
7.237369649805447391e-01 1.130000000000000000e+02
7.187284046692608008e-01 1.710000000000000000e+02
7.137198443579766405e-01 1.560000000000000000e+02
7.087112840466927022e-01 1.680000000000000000e+02
7.037027237354085418e-01 1.760000000000000000e+02
6.986941634241246035e-01 1.800000000000000000e+02
6.936856031128404432e-01 1.590000000000000000e+02
6.886770428015565049e-01 1.710000000000000000e+02
6.836684824902723445e-01 1.550000000000000000e+02
6.786599221789884062e-01 1.690000000000000000e+02
6.736513618677042459e-01 1.540000000000000000e+02
6.686428015564203076e-01 1.690000000000000000e+02
6.636342412451361472e-01 1.710000000000000000e+02
6.586256809338522089e-01 1.700000000000000000e+02
6.536171206225680486e-01 1.790000000000000000e+02
6.486085603112841103e-01 1.780000000000000000e+02
6.436000000000001720e-01 1.670000000000000000e+02
6.385914396887160116e-01 1.580000000000000000e+02
6.335828793774320733e-01 1.570000000000000000e+02
6.285743190661479129e-01 1.710000000000000000e+02
6.235657587548639746e-01 1.600000000000000000e+02
6.185571984435798143e-01 1.670000000000000000e+02
6.135486381322958760e-01 1.870000000000000000e+02
6.085400778210117156e-01 1.900000000000000000e+02
6.035315175097277773e-01 1.480000000000000000e+02
5.985229571984436170e-01 1.650000000000000000e+02
5.935143968871596787e-01 1.550000000000000000e+02
5.885058365758755183e-01 1.540000000000000000e+02
5.834972762645915800e-01 1.780000000000000000e+02
5.784887159533074197e-01 1.880000000000000000e+02
5.734801556420234814e-01 1.980000000000000000e+02
5.684715953307393210e-01 1.550000000000000000e+02
5.634630350194553827e-01 1.820000000000000000e+02
5.584544747081712224e-01 1.700000000000000000e+02
5.534459143968872841e-01 1.350000000000000000e+02
5.484373540856031237e-01 1.520000000000000000e+02
5.434287937743191854e-01 1.520000000000000000e+02
5.384202334630350251e-01 1.630000000000000000e+02
5.334116731517510868e-01 1.800000000000000000e+02
5.284031128404669264e-01 1.960000000000000000e+02
5.233945525291829881e-01 1.730000000000000000e+02
5.183859922178988278e-01 1.760000000000000000e+02
5.133774319066148895e-01 1.690000000000000000e+02
5.083688715953307291e-01 1.200000000000000000e+02
5.033603112840467908e-01 1.230000000000000000e+02
4.983517509727626305e-01 1.680000000000000000e+02
4.933431906614786921e-01 1.630000000000000000e+02
4.883346303501945318e-01 1.900000000000000000e+02
4.833260700389105935e-01 2.090000000000000000e+02
4.783175097276264331e-01 1.840000000000000000e+02
4.733089494163424948e-01 1.580000000000000000e+02
4.683003891050583345e-01 1.460000000000000000e+02
4.632918287937743962e-01 1.280000000000000000e+02
4.582832684824902358e-01 1.270000000000000000e+02
4.532747081712062975e-01 1.710000000000000000e+02
4.482661478599221372e-01 1.880000000000000000e+02
4.432575875486381989e-01 2.250000000000000000e+02
4.382490272373540385e-01 1.980000000000000000e+02
4.332404669260701002e-01 1.670000000000000000e+02
4.282319066147861619e-01 1.640000000000000000e+02
4.232233463035020016e-01 1.270000000000000000e+02
4.182147859922180633e-01 1.120000000000000000e+02
4.132062256809339029e-01 1.260000000000000000e+02
4.081976653696499646e-01 1.710000000000000000e+02
4.031891050583658043e-01 1.930000000000000000e+02
3.981805447470818660e-01 1.980000000000000000e+02
3.931719844357977056e-01 2.020000000000000000e+02
3.881634241245137673e-01 1.730000000000000000e+02
3.831548638132296070e-01 1.210000000000000000e+02
3.781463035019456687e-01 1.110000000000000000e+02
3.731377431906615083e-01 1.260000000000000000e+02
3.681291828793775700e-01 1.310000000000000000e+02
3.631206225680934097e-01 1.690000000000000000e+02
3.581120622568094714e-01 1.940000000000000000e+02
3.531035019455253110e-01 2.360000000000000000e+02
3.480949416342413727e-01 1.820000000000000000e+02
3.430863813229572123e-01 1.710000000000000000e+02
3.380778210116732740e-01 1.500000000000000000e+02
3.330692607003891137e-01 9.400000000000000000e+01
3.280607003891051754e-01 1.270000000000000000e+02
3.230521400778210150e-01 1.250000000000000000e+02
3.180435797665370767e-01 1.660000000000000000e+02
3.130350194552529164e-01 2.260000000000000000e+02
3.080264591439689781e-01 2.410000000000000000e+02
3.030178988326848177e-01 1.760000000000000000e+02
2.980093385214008794e-01 1.440000000000000000e+02
2.930007782101167191e-01 1.250000000000000000e+02
2.879922178988327808e-01 9.500000000000000000e+01
2.829836575875486204e-01 7.100000000000000000e+01
2.779750972762646821e-01 1.400000000000000000e+02
2.729665369649805218e-01 2.360000000000000000e+02
2.679579766536965835e-01 2.570000000000000000e+02
2.629494163424124231e-01 2.670000000000000000e+02
2.579408560311284848e-01 1.870000000000000000e+02
2.529322957198443245e-01 1.770000000000000000e+02
2.479237354085603862e-01 9.600000000000000000e+01
2.429151750972762258e-01 8.900000000000000000e+01
2.379066147859922875e-01 1.280000000000000000e+02
2.328980544747081272e-01 1.480000000000000000e+02
2.278894941634241889e-01 2.240000000000000000e+02
2.228809338521400285e-01 2.400000000000000000e+02
2.178723735408560902e-01 2.500000000000000000e+02
2.128638132295721519e-01 1.730000000000000000e+02
2.078552529182879915e-01 1.250000000000000000e+02
2.028466926070040532e-01 7.900000000000000000e+01
1.978381322957198929e-01 7.600000000000000000e+01
1.928295719844359546e-01 8.400000000000000000e+01
1.878210116731517942e-01 1.380000000000000000e+02
1.828124513618678559e-01 2.920000000000000000e+02
1.778038910505836956e-01 2.610000000000000000e+02
1.727953307392997573e-01 2.300000000000000000e+02
1.677867704280155969e-01 1.940000000000000000e+02
1.627782101167316586e-01 1.410000000000000000e+02
1.577696498054474983e-01 7.700000000000000000e+01
1.527610894941635600e-01 7.200000000000000000e+01
1.477525291828793996e-01 1.210000000000000000e+02
1.427439688715954613e-01 1.890000000000000000e+02
1.377354085603113010e-01 2.870000000000000000e+02
1.327268482490273627e-01 2.910000000000000000e+02
1.277182879377432023e-01 2.630000000000000000e+02
1.227097276264592640e-01 1.530000000000000000e+02
1.177011673151751037e-01 6.700000000000000000e+01
1.126926070038911654e-01 4.300000000000000000e+01
1.076840466926070050e-01 6.100000000000000000e+01
1.026754863813230667e-01 1.230000000000000000e+02
9.766692607003890636e-02 1.680000000000000000e+02
9.265836575875496806e-02 3.080000000000000000e+02
8.764980544747080771e-02 2.680000000000000000e+02
8.264124513618686940e-02 2.200000000000000000e+02
7.763268482490270905e-02 1.560000000000000000e+02
7.262412451361877075e-02 7.100000000000000000e+01
6.761556420233461040e-02 4.300000000000000000e+01
6.260700389105067210e-02 8.800000000000000000e+01
5.759844357976651175e-02 1.610000000000000000e+02
5.258988326848257344e-02 2.140000000000000000e+02
4.758132295719841309e-02 3.090000000000000000e+02
4.257276264591447479e-02 3.160000000000000000e+02
3.756420233463031444e-02 3.200000000000000000e+02
3.255564202334637613e-02 8.200000000000000000e+01
2.754708171206221579e-02 5.300000000000000000e+01
2.253852140077827748e-02 2.500000000000000000e+01
1.752996108949411713e-02 6.700000000000000000e+01
1.252140077821017883e-02 1.290000000000000000e+02
7.512840466926018479e-03 2.010000000000000000e+02
2.504280155642080175e-03 3.080000000000000000e+02
-2.504280155641858130e-03 2.870000000000000000e+02
-7.512840466926018479e-03 2.130000000000000000e+02
-1.252140077820995678e-02 1.170000000000000000e+02
-1.752996108949411713e-02 3.400000000000000000e+01
-2.253852140077805544e-02 2.000000000000000000e+01
-2.754708171206221579e-02 1.190000000000000000e+02
-3.255564202334615409e-02 1.780000000000000000e+02
-3.756420233463031444e-02 2.650000000000000000e+02
-4.257276264591425274e-02 2.980000000000000000e+02
-4.758132295719841309e-02 2.940000000000000000e+02
-5.258988326848235140e-02 2.270000000000000000e+02
-5.759844357976651175e-02 7.300000000000000000e+01
-6.260700389105045005e-02 2.200000000000000000e+01
-6.761556420233461040e-02 3.800000000000000000e+01
-7.262412451361877075e-02 6.900000000000000000e+01
-7.763268482490248701e-02 1.450000000000000000e+02
-8.264124513618664736e-02 2.580000000000000000e+02
-8.764980544747080771e-02 2.950000000000000000e+02
-9.265836575875496806e-02 2.440000000000000000e+02
-9.766692607003868432e-02 1.700000000000000000e+02
-1.026754863813228447e-01 9.500000000000000000e+01
-1.076840466926070050e-01 2.600000000000000000e+01
-1.126926070038911654e-01 2.200000000000000000e+01
-1.177011673151748816e-01 1.640000000000000000e+02
-1.227097276264590420e-01 2.350000000000000000e+02
-1.277182879377432023e-01 2.620000000000000000e+02
-1.327268482490273627e-01 2.920000000000000000e+02
-1.377354085603110789e-01 2.750000000000000000e+02
-1.427439688715952393e-01 1.890000000000000000e+02
-1.477525291828793996e-01 5.000000000000000000e+01
-1.527610894941635600e-01 3.800000000000000000e+01
-1.577696498054472762e-01 6.700000000000000000e+01
-1.627782101167314366e-01 1.260000000000000000e+02
-1.677867704280155969e-01 1.960000000000000000e+02
-1.727953307392997573e-01 2.440000000000000000e+02
-1.778038910505834735e-01 2.710000000000000000e+02
-1.828124513618676339e-01 1.940000000000000000e+02
-1.878210116731517942e-01 1.410000000000000000e+02
-1.928295719844359546e-01 7.800000000000000000e+01
-1.978381322957196709e-01 4.400000000000000000e+01
-2.028466926070038312e-01 6.100000000000000000e+01
-2.078552529182879915e-01 1.870000000000000000e+02
-2.128638132295717078e-01 2.420000000000000000e+02
-2.178723735408558682e-01 3.060000000000000000e+02
-2.228809338521400285e-01 2.560000000000000000e+02
-2.278894941634241889e-01 2.180000000000000000e+02
-2.328980544747079051e-01 1.680000000000000000e+02
-2.379066147859920655e-01 6.000000000000000000e+01
-2.429151750972762258e-01 5.600000000000000000e+01
-2.479237354085603862e-01 1.080000000000000000e+02
-2.529322957198441024e-01 1.510000000000000000e+02
-2.579408560311282628e-01 2.230000000000000000e+02
-2.629494163424124231e-01 2.640000000000000000e+02
-2.679579766536965835e-01 2.360000000000000000e+02
-2.729665369649802997e-01 1.440000000000000000e+02
-2.779750972762644601e-01 1.080000000000000000e+02
-2.829836575875486204e-01 7.400000000000000000e+01
-2.879922178988327808e-01 7.200000000000000000e+01
-2.930007782101164970e-01 9.100000000000000000e+01
-2.980093385214006574e-01 1.980000000000000000e+02
-3.030178988326848177e-01 2.480000000000000000e+02
-3.080264591439689781e-01 2.500000000000000000e+02
-3.130350194552526943e-01 2.430000000000000000e+02
-3.180435797665368547e-01 1.890000000000000000e+02
-3.230521400778210150e-01 1.340000000000000000e+02
-3.280607003891051754e-01 9.100000000000000000e+01
-3.330692607003888916e-01 8.800000000000000000e+01
-3.380778210116730520e-01 1.340000000000000000e+02
-3.430863813229572123e-01 1.790000000000000000e+02
-3.480949416342413727e-01 2.040000000000000000e+02
-3.531035019455250890e-01 2.130000000000000000e+02
-3.581120622568092493e-01 2.000000000000000000e+02
-3.631206225680934097e-01 1.400000000000000000e+02
-3.681291828793775700e-01 1.130000000000000000e+02
-3.731377431906612863e-01 9.200000000000000000e+01
-3.781463035019454466e-01 1.040000000000000000e+02
-3.831548638132296070e-01 1.430000000000000000e+02
-3.881634241245137673e-01 2.150000000000000000e+02
-3.931719844357974836e-01 2.540000000000000000e+02
-3.981805447470816439e-01 2.170000000000000000e+02
-4.031891050583658043e-01 2.030000000000000000e+02
-4.081976653696499646e-01 1.380000000000000000e+02
-4.132062256809336809e-01 1.140000000000000000e+02
-4.182147859922178412e-01 1.170000000000000000e+02
-4.232233463035020016e-01 1.170000000000000000e+02
-4.282319066147857178e-01 1.570000000000000000e+02
-4.332404669260698782e-01 1.950000000000000000e+02
-4.382490272373540385e-01 2.170000000000000000e+02
-4.432575875486381989e-01 2.150000000000000000e+02
-4.482661478599219151e-01 1.480000000000000000e+02
-4.532747081712060755e-01 1.430000000000000000e+02
-4.582832684824902358e-01 1.300000000000000000e+02
-4.632918287937743962e-01 1.030000000000000000e+02
-4.683003891050581124e-01 1.110000000000000000e+02
-4.733089494163422728e-01 1.420000000000000000e+02
-4.783175097276264331e-01 1.930000000000000000e+02
-4.833260700389105935e-01 2.020000000000000000e+02
-4.883346303501943098e-01 2.250000000000000000e+02
-4.933431906614784701e-01 1.800000000000000000e+02
-4.983517509727626305e-01 1.540000000000000000e+02
-5.033603112840467908e-01 1.350000000000000000e+02
-5.083688715953305071e-01 1.260000000000000000e+02
-5.133774319066146674e-01 1.500000000000000000e+02
-5.183859922178988278e-01 1.900000000000000000e+02
-5.233945525291829881e-01 1.900000000000000000e+02
-5.284031128404667044e-01 2.160000000000000000e+02
-5.334116731517508647e-01 1.770000000000000000e+02
-5.384202334630350251e-01 1.730000000000000000e+02
-5.434287937743191854e-01 1.400000000000000000e+02
-5.484373540856029017e-01 1.170000000000000000e+02
-5.534459143968870620e-01 1.390000000000000000e+02
-5.584544747081712224e-01 1.490000000000000000e+02
-5.634630350194553827e-01 1.780000000000000000e+02
-5.684715953307390990e-01 2.040000000000000000e+02
-5.734801556420232593e-01 1.810000000000000000e+02
-5.784887159533074197e-01 1.500000000000000000e+02
-5.834972762645915800e-01 1.480000000000000000e+02
-5.885058365758752963e-01 1.430000000000000000e+02
-5.935143968871594566e-01 1.410000000000000000e+02
-5.985229571984436170e-01 1.380000000000000000e+02
-6.035315175097277773e-01 1.710000000000000000e+02
-6.085400778210114936e-01 1.800000000000000000e+02
-6.135486381322956539e-01 2.000000000000000000e+02
-6.185571984435798143e-01 2.060000000000000000e+02
-6.235657587548639746e-01 1.680000000000000000e+02
-6.285743190661476909e-01 1.490000000000000000e+02
-6.335828793774318513e-01 1.420000000000000000e+02
-6.385914396887160116e-01 1.540000000000000000e+02
-6.435999999999997279e-01 1.550000000000000000e+02
-6.486085603112838882e-01 1.830000000000000000e+02
-6.536171206225680486e-01 1.880000000000000000e+02
-6.586256809338522089e-01 2.010000000000000000e+02
-6.636342412451359252e-01 1.770000000000000000e+02
-6.686428015564200855e-01 1.510000000000000000e+02
-6.736513618677042459e-01 1.470000000000000000e+02
-6.786599221789884062e-01 1.540000000000000000e+02
-6.836684824902721225e-01 1.410000000000000000e+02
-6.886770428015562828e-01 1.600000000000000000e+02
-6.936856031128404432e-01 1.820000000000000000e+02
-6.986941634241246035e-01 1.910000000000000000e+02
-7.037027237354083198e-01 1.770000000000000000e+02
-7.087112840466924801e-01 1.630000000000000000e+02
-7.137198443579766405e-01 1.420000000000000000e+02
-7.187284046692608008e-01 1.470000000000000000e+02
-7.237369649805445171e-01 1.680000000000000000e+02
-7.287455252918286774e-01 1.560000000000000000e+02
-7.337540856031128378e-01 1.850000000000000000e+02
-7.387626459143969981e-01 1.900000000000000000e+02
-7.437712062256807144e-01 1.650000000000000000e+02
-7.487797665369648747e-01 1.750000000000000000e+02
-7.537883268482490351e-01 1.510000000000000000e+02
-7.587968871595331954e-01 1.650000000000000000e+02
-7.638054474708169117e-01 1.530000000000000000e+02
-7.688140077821010721e-01 1.660000000000000000e+02
-7.738225680933852324e-01 1.780000000000000000e+02
-7.788311284046693928e-01 1.760000000000000000e+02
-7.838396887159531090e-01 1.810000000000000000e+02
-7.888482490272372694e-01 1.520000000000000000e+02
-7.938568093385214297e-01 1.680000000000000000e+02
-7.988653696498055901e-01 1.790000000000000000e+02
-8.038739299610893063e-01 1.490000000000000000e+02
-8.088824902723734667e-01 1.530000000000000000e+02
-8.138910505836576270e-01 1.750000000000000000e+02
-8.188996108949417874e-01 1.730000000000000000e+02
-8.239081712062255036e-01 1.460000000000000000e+02
-8.289167315175096640e-01 1.640000000000000000e+02
-8.339252918287938243e-01 1.700000000000000000e+02
-8.389338521400779847e-01 1.600000000000000000e+02
-8.439424124513617009e-01 1.520000000000000000e+02
-8.489509727626458613e-01 1.850000000000000000e+02
-8.539595330739300216e-01 1.810000000000000000e+02
-8.589680933852137379e-01 1.690000000000000000e+02
-8.639766536964978982e-01 1.730000000000000000e+02
-8.689852140077820586e-01 2.060000000000000000e+02
-8.739937743190662189e-01 1.690000000000000000e+02
-8.790023346303499352e-01 1.350000000000000000e+02
-8.840108949416340955e-01 1.520000000000000000e+02
-8.890194552529182559e-01 1.520000000000000000e+02
-8.940280155642024162e-01 1.610000000000000000e+02
-8.990365758754861325e-01 1.800000000000000000e+02
-9.040451361867702929e-01 1.650000000000000000e+02
-9.090536964980544532e-01 1.710000000000000000e+02
-9.140622568093386136e-01 1.630000000000000000e+02
-9.190708171206223298e-01 1.610000000000000000e+02
-9.240793774319064902e-01 1.880000000000000000e+02
-9.290879377431906505e-01 1.500000000000000000e+02
-9.340964980544748109e-01 1.380000000000000000e+02
-9.391050583657585271e-01 1.680000000000000000e+02
-9.441136186770426875e-01 1.410000000000000000e+02
-9.491221789883268478e-01 1.720000000000000000e+02
-9.541307392996110082e-01 1.610000000000000000e+02
-9.591392996108947244e-01 1.750000000000000000e+02
-9.641478599221788848e-01 1.540000000000000000e+02
-9.691564202334630451e-01 1.580000000000000000e+02
-9.741649805447472055e-01 1.490000000000000000e+02
-9.791735408560309217e-01 1.590000000000000000e+02
-9.841821011673150821e-01 1.550000000000000000e+02
-9.891906614785992424e-01 1.640000000000000000e+02
-9.941992217898834028e-01 1.860000000000000000e+02
-9.992077821011671190e-01 1.730000000000000000e+02
-1.004216342412451279e+00 1.810000000000000000e+02
-1.009224902723735440e+00 1.610000000000000000e+02
-1.014233463035019600e+00 1.700000000000000000e+02
-1.019242023346303316e+00 1.440000000000000000e+02
-1.024250583657587477e+00 1.650000000000000000e+02
-1.029259143968871637e+00 1.800000000000000000e+02
-1.034267704280155797e+00 1.710000000000000000e+02
-1.039276264591439514e+00 1.800000000000000000e+02
-1.044284824902723674e+00 1.670000000000000000e+02
-1.049293385214007834e+00 1.720000000000000000e+02
-1.054301945525291995e+00 1.590000000000000000e+02
-1.059310505836575711e+00 1.440000000000000000e+02
-1.064319066147859871e+00 1.510000000000000000e+02
-1.069327626459144032e+00 1.480000000000000000e+02
-1.074336186770427748e+00 1.620000000000000000e+02
-1.079344747081711908e+00 1.630000000000000000e+02
-1.084353307392996069e+00 1.610000000000000000e+02
-1.089361867704280229e+00 1.650000000000000000e+02
-1.094370428015563945e+00 1.720000000000000000e+02
-1.099378988326848106e+00 1.780000000000000000e+02
-1.104387548638132266e+00 1.650000000000000000e+02
-1.109396108949416426e+00 1.650000000000000000e+02
-1.114404669260700143e+00 1.660000000000000000e+02
-1.119413229571984303e+00 1.750000000000000000e+02
-1.124421789883268463e+00 1.740000000000000000e+02
-1.129430350194552624e+00 1.480000000000000000e+02
-1.134438910505836340e+00 1.800000000000000000e+02
-1.139447470817120500e+00 1.520000000000000000e+02
-1.144456031128404661e+00 1.770000000000000000e+02
-1.149464591439688821e+00 1.920000000000000000e+02
-1.154473151750972537e+00 1.520000000000000000e+02
-1.159481712062256697e+00 1.780000000000000000e+02
-1.164490272373540858e+00 1.410000000000000000e+02
-1.169498832684825018e+00 1.490000000000000000e+02
-1.174507392996108734e+00 1.450000000000000000e+02
-1.179515953307392895e+00 1.590000000000000000e+02
-1.184524513618677055e+00 1.550000000000000000e+02
-1.189533073929961215e+00 1.470000000000000000e+02
-1.194541634241244932e+00 1.540000000000000000e+02
-1.199550194552529092e+00 1.770000000000000000e+02
-1.204558754863813252e+00 1.640000000000000000e+02
-1.209567315175097413e+00 1.550000000000000000e+02
-1.214575875486381129e+00 1.680000000000000000e+02
-1.219584435797665289e+00 1.670000000000000000e+02
-1.224592996108949450e+00 1.460000000000000000e+02
-1.229601556420233610e+00 1.850000000000000000e+02
-1.234610116731517326e+00 1.680000000000000000e+02
-1.239618677042801487e+00 1.590000000000000000e+02
-1.244627237354085647e+00 1.730000000000000000e+02
-1.249635797665369807e+00 1.940000000000000000e+02
-1.254644357976653524e+00 1.540000000000000000e+02
-1.259652918287937684e+00 1.740000000000000000e+02
-1.264661478599221844e+00 1.860000000000000000e+02
-1.269670038910506005e+00 1.520000000000000000e+02
-1.274678599221789721e+00 1.600000000000000000e+02
-1.279687159533073881e+00 1.650000000000000000e+02
-1.284695719844358042e+00 1.750000000000000000e+02
-1.289704280155641758e+00 1.640000000000000000e+02
-1.294712840466925918e+00 1.640000000000000000e+02
-1.299721400778210079e+00 1.550000000000000000e+02
-1.304729961089494239e+00 1.760000000000000000e+02
-1.309738521400777955e+00 1.660000000000000000e+02
-1.314747081712062116e+00 1.630000000000000000e+02
-1.319755642023346276e+00 1.530000000000000000e+02
-1.324764202334630436e+00 1.740000000000000000e+02
-1.329772762645914153e+00 1.460000000000000000e+02
-1.334781322957198313e+00 1.700000000000000000e+02
-1.339789883268482473e+00 1.660000000000000000e+02
-1.344798443579766634e+00 1.910000000000000000e+02
-1.349807003891050350e+00 1.480000000000000000e+02
-1.354815564202334510e+00 1.680000000000000000e+02
-1.359824124513618671e+00 1.670000000000000000e+02
-1.364832684824902831e+00 1.560000000000000000e+02
-1.369841245136186547e+00 1.690000000000000000e+02
-1.374849805447470708e+00 1.620000000000000000e+02
-1.379858365758754868e+00 1.580000000000000000e+02
-1.384866926070039028e+00 1.720000000000000000e+02
-1.389875486381322744e+00 1.800000000000000000e+02
-1.394884046692606905e+00 1.710000000000000000e+02
-1.399892607003891065e+00 1.710000000000000000e+02
-1.404901167315175226e+00 1.560000000000000000e+02
-1.409909727626458942e+00 1.650000000000000000e+02
-1.414918287937743102e+00 1.790000000000000000e+02
-1.419926848249027262e+00 1.610000000000000000e+02
-1.424935408560311423e+00 1.690000000000000000e+02
-1.429943968871595139e+00 1.760000000000000000e+02
-1.434952529182879299e+00 1.780000000000000000e+02
-1.439961089494163460e+00 1.590000000000000000e+02
-1.444969649805447620e+00 1.780000000000000000e+02
-1.449978210116731336e+00 1.480000000000000000e+02
-1.454986770428015497e+00 1.640000000000000000e+02
-1.459995330739299657e+00 1.560000000000000000e+02
-1.465003891050583817e+00 1.750000000000000000e+02
-1.470012451361867534e+00 1.630000000000000000e+02
-1.475021011673151694e+00 1.780000000000000000e+02
-1.480029571984435854e+00 1.550000000000000000e+02
-1.485038132295720015e+00 1.800000000000000000e+02
-1.490046692607003731e+00 1.790000000000000000e+02
-1.495055252918287891e+00 1.560000000000000000e+02
-1.500063813229572052e+00 1.780000000000000000e+02
-1.505072373540855768e+00 1.510000000000000000e+02
-1.510080933852139928e+00 1.420000000000000000e+02
-1.515089494163424089e+00 1.490000000000000000e+02
-1.520098054474708249e+00 1.410000000000000000e+02
-1.525106614785991965e+00 1.560000000000000000e+02
-1.530115175097276126e+00 1.470000000000000000e+02
-1.535123735408560286e+00 1.660000000000000000e+02
-1.540132295719844446e+00 1.800000000000000000e+02
-1.545140856031128163e+00 1.410000000000000000e+02
-1.550149416342412323e+00 1.730000000000000000e+02
-1.555157976653696483e+00 1.630000000000000000e+02
-1.560166536964980644e+00 1.640000000000000000e+02
-1.565175097276264360e+00 1.590000000000000000e+02
-1.570183657587548520e+00 1.780000000000000000e+02
-1.575192217898832681e+00 1.700000000000000000e+02
-1.580200778210116841e+00 1.570000000000000000e+02
-1.585209338521400557e+00 1.720000000000000000e+02
-1.590217898832684718e+00 1.530000000000000000e+02
-1.595226459143968878e+00 1.480000000000000000e+02
-1.600235019455253038e+00 1.740000000000000000e+02
-1.605243579766536755e+00 1.820000000000000000e+02
-1.610252140077820915e+00 1.690000000000000000e+02
-1.615260700389105075e+00 1.730000000000000000e+02
-1.620269260700389236e+00 1.470000000000000000e+02
-1.625277821011672952e+00 1.550000000000000000e+02
-1.630286381322957112e+00 1.650000000000000000e+02
-1.635294941634241273e+00 1.540000000000000000e+02
-1.640303501945525433e+00 1.660000000000000000e+02
-1.645312062256809149e+00 1.710000000000000000e+02
-1.650320622568093309e+00 1.870000000000000000e+02
-1.655329182879377470e+00 1.680000000000000000e+02
-1.660337743190661630e+00 1.530000000000000000e+02
-1.665346303501945346e+00 1.570000000000000000e+02
-1.670354863813229507e+00 1.570000000000000000e+02
-1.675363424124513667e+00 1.730000000000000000e+02
-1.680371984435797827e+00 1.570000000000000000e+02
-1.685380544747081544e+00 1.970000000000000000e+02
-1.690389105058365704e+00 1.540000000000000000e+02
-1.695397665369649864e+00 1.600000000000000000e+02
-1.700406225680934025e+00 1.790000000000000000e+02
-1.705414785992217741e+00 1.740000000000000000e+02
-1.710423346303501901e+00 1.570000000000000000e+02
-1.715431906614786062e+00 1.630000000000000000e+02
-1.720440466926069778e+00 1.760000000000000000e+02
-1.725449027237353938e+00 1.710000000000000000e+02
-1.730457587548638099e+00 1.570000000000000000e+02
-1.735466147859922259e+00 1.820000000000000000e+02
-1.740474708171205975e+00 1.490000000000000000e+02
-1.745483268482490136e+00 1.920000000000000000e+02
-1.750491828793774296e+00 1.660000000000000000e+02
-1.755500389105058456e+00 1.580000000000000000e+02
-1.760508949416342173e+00 1.610000000000000000e+02
-1.765517509727626333e+00 1.740000000000000000e+02
-1.770526070038910493e+00 1.730000000000000000e+02
-1.775534630350194654e+00 1.820000000000000000e+02
-1.780543190661478370e+00 2.020000000000000000e+02
-1.785551750972762530e+00 1.720000000000000000e+02
-1.790560311284046691e+00 1.760000000000000000e+02
-1.795568871595330851e+00 1.940000000000000000e+02
-1.800577431906614567e+00 1.470000000000000000e+02
-1.805585992217898728e+00 1.740000000000000000e+02
-1.810594552529182888e+00 1.740000000000000000e+02
-1.815603112840467048e+00 1.510000000000000000e+02
-1.820611673151750765e+00 1.740000000000000000e+02
-1.825620233463034925e+00 1.460000000000000000e+02
-1.830628793774319085e+00 1.540000000000000000e+02
-1.835637354085603246e+00 1.640000000000000000e+02
-1.840645914396886962e+00 1.700000000000000000e+02
-1.845654474708171122e+00 1.670000000000000000e+02
-1.850663035019455283e+00 1.640000000000000000e+02
-1.855671595330739443e+00 1.690000000000000000e+02
-1.860680155642023159e+00 1.500000000000000000e+02
-1.865688715953307319e+00 1.620000000000000000e+02
-1.870697276264591480e+00 1.650000000000000000e+02
-1.875705836575875640e+00 1.590000000000000000e+02
-1.880714396887159356e+00 1.750000000000000000e+02
-1.885722957198443517e+00 1.480000000000000000e+02
-1.890731517509727677e+00 1.670000000000000000e+02
-1.895740077821011838e+00 1.570000000000000000e+02
-1.900748638132295554e+00 1.730000000000000000e+02
-1.905757198443579714e+00 1.760000000000000000e+02
-1.910765758754863874e+00 1.650000000000000000e+02
-1.915774319066148035e+00 1.590000000000000000e+02
-1.920782879377431751e+00 1.480000000000000000e+02
-1.925791439688715911e+00 1.760000000000000000e+02
-1.930800000000000072e+00 1.740000000000000000e+02
